3 0.354167 0.063889 0.055556 0.021111
2 0.331944 0.063889 0.011111 0.017778
7 0.362500 0.063889 0.038889 0.021111
3 0.354167 0.105556 0.055556 0.021111
2 0.331944 0.105556 0.011111 0.017778
7 0.362500 0.105556 0.038889 0.021111
1 0.425347 0.185556 0.197917 0.042222
1 0.442014 0.245556 0.231250 0.042222
4 0.425347 0.305556 0.197917 0.042222
4 0.388889 0.365556 0.125000 0.042222
5 0.462500 0.467778 0.272222 0.126667
1 0.391319 0.603333 0.129861 0.044444
0 0.354563 0.665556 0.056348 0.044444