6 0.052709 0.055339 0.046852 0.027344
6 0.049780 0.104818 0.040996 0.024740
6 0.049780 0.152995 0.040996 0.024740
6 0.046852 0.201823 0.035139 0.020833
6 0.052709 0.248047 0.046852 0.027344
3 0.213031 0.163045 0.051245 0.024740
2 0.193265 0.163045 0.011713 0.020833
7 0.221816 0.163045 0.033675 0.024740
7 0.269663 0.171509 0.032165 0.041667
0 0.322635 0.166300 0.043924 0.031250
7 0.367565 0.164998 0.016083 0.020833
1 0.476551 0.176717 0.172035 0.052083
0 0.592143 0.166300 0.029294 0.031250