1 0.094444 0.110000 0.108333 0.044444
4 0.237500 0.111111 0.150000 0.042222
0 0.354861 0.111667 0.056944 0.044444
0 0.417801 0.111667 0.041157 0.026667
4 0.528309 0.111111 0.152083 0.042222
3 0.646018 0.108333 0.055556 0.021111
2 0.623796 0.108333 0.011111 0.017778
7 0.654351 0.108333 0.038889 0.021111
1 0.788379 0.110000 0.201389 0.044444
1 0.146875 0.182778 0.213194 0.026667
8 0.500000 0.500000 1.000000 1.000000
0 0.543273 0.540000 0.043056 0.036667
0 0.592258 0.540000 0.037706 0.036667