0 0.056944 0.086667 0.033333 0.026667
6 0.106944 0.086111 0.038889 0.021111
3 0.182737 0.083333 0.084918 0.021111
2 0.145833 0.083333 0.011111 0.017778
7 0.191070 0.083333 0.068251 0.021111
4 0.327973 0.086111 0.177778 0.042222
0 0.447418 0.086667 0.033333 0.026667
7 0.487337 0.077778 0.018728 0.035556
7 0.525846 0.077778 0.030512 0.035556
0 0.575369 0.086667 0.040755 0.044444
7 0.619173 0.083333 0.019076 0.022222
8 0.500000 0.500000 1.000000 1.000000
0 0.532221 0.540000 0.054460 0.036667
0 0.589583 0.540000 0.043056 0.036667