0 0.051339 0.068519 0.042261 0.037037
4 0.150854 0.068056 0.135937 0.035185
6 0.236764 0.068056 0.015047 0.017593
4 0.310693 0.068056 0.111979 0.035185
0 0.392704 0.068519 0.031209 0.029630
3 0.439559 0.065741 0.041667 0.017593
2 0.422892 0.065741 0.008333 0.014815
7 0.445809 0.065741 0.029167 0.017593
0 0.483439 0.068519 0.025260 0.022222
3 0.524715 0.065741 0.036458 0.017593
2 0.510653 0.065741 0.008333 0.014815
7 0.530965 0.065741 0.023958 0.017593
6 0.559810 0.068519 0.012899 0.014815
6 0.601204 0.068519 0.049056 0.014815