3 0.071742 0.087240 0.058565 0.024740
2 0.048316 0.087240 0.011713 0.020833
7 0.080527 0.087240 0.040996 0.024740
3 0.144949 0.087240 0.058565 0.024740
2 0.121523 0.087240 0.011713 0.020833
7 0.153734 0.087240 0.040996 0.024740
3 0.218155 0.087240 0.058565 0.024740
2 0.194729 0.087240 0.011713 0.020833
7 0.226940 0.087240 0.040996 0.024740
0 0.284041 0.091146 0.043924 0.041667
3 0.349927 0.087240 0.058565 0.024740
2 0.326501 0.087240 0.011713 0.020833
7 0.358712 0.087240 0.040996 0.024740