3 0.342606 0.074870 0.051245 0.024740
2 0.322840 0.074870 0.011713 0.020833
7 0.351391 0.074870 0.033675 0.024740
4 0.397145 0.136068 0.160322 0.049479
3 0.346266 0.194010 0.058565 0.024740
2 0.322840 0.194010 0.011713 0.020833
7 0.355051 0.194010 0.040996 0.024740
5 0.427526 0.283203 0.221083 0.105469
1 0.368960 0.419271 0.103953 0.049479
5 0.403001 0.535807 0.172035 0.141927
1 0.410688 0.658854 0.187408 0.052083
0 0.346999 0.731771 0.060029 0.052083
8 0.500000 0.500000 1.000000 1.000000
0 0.545617 0.546875 0.045388 0.042969
0 0.597256 0.546875 0.039749 0.042969