6 0.051525 0.101562 0.018130 0.020833
0 0.096192 0.101562 0.041922 0.028646
7 0.139979 0.091146 0.016369 0.041667
3 0.192087 0.097656 0.058565 0.024740
2 0.168661 0.097656 0.011713 0.020833
7 0.200872 0.097656 0.040996 0.024740
6 0.270486 0.101562 0.068951 0.020833
0 0.344036 0.101562 0.048865 0.052083
0 0.405907 0.101562 0.045594 0.028646
3 0.488104 0.097656 0.089518 0.024740
2 0.449202 0.097656 0.011713 0.020833
7 0.496889 0.097656 0.071948 0.024740
7 0.553361 0.100260 0.011713 0.020833