7 0.038306 0.064815 0.016195 0.029630
0 0.078174 0.072222 0.042708 0.037037
4 0.170882 0.071759 0.121875 0.035185
7 0.249390 0.069444 0.014307 0.018519
0 0.289612 0.072222 0.045304 0.037037
3 0.343514 0.069444 0.041667 0.017593
2 0.326847 0.069444 0.008333 0.014815
7 0.349764 0.069444 0.029167 0.017593
3 0.395597 0.069444 0.041667 0.017593
2 0.378931 0.069444 0.008333 0.014815
7 0.401847 0.069444 0.029167 0.017593
7 0.434945 0.064815 0.016195 0.029630
3 0.474292 0.069444 0.041667 0.017593
2 0.457625 0.069444 0.008333 0.014815
7 0.480542 0.069444 0.029167 0.017593
6 0.538245 0.070833 0.065405 0.019444
8 0.500000 0.500000 1.000000 1.000000
0 0.530261 0.533333 0.036678 0.030556
0 0.569194 0.533333 0.028280 0.030556