3 0.390625 0.053241 0.041667 0.017593
2 0.373958 0.053241 0.008333 0.014815
7 0.396875 0.053241 0.029167 0.017593
1 0.443490 0.096759 0.147396 0.035185
1 0.437500 0.146759 0.135417 0.035185
1 0.416667 0.219907 0.093750 0.035185
3 0.390625 0.261111 0.041667 0.017593
2 0.373958 0.261111 0.008333 0.014815
7 0.396875 0.261111 0.029167 0.017593
0 0.385417 0.301852 0.031250 0.029630
8 0.500000 0.500000 1.000000 1.000000
0 0.524166 0.533333 0.040845 0.030556
0 0.567187 0.533333 0.032292 0.030556