6 0.046875 0.068519 0.033333 0.019444
3 0.094792 0.067130 0.041667 0.017593
2 0.078125 0.067130 0.008333 0.014815
7 0.101042 0.067130 0.029167 0.017593
7 0.131763 0.068981 0.011442 0.014815
6 0.164119 0.069444 0.032438 0.017593
0 0.205859 0.069907 0.030208 0.027778
0 0.248568 0.069907 0.034375 0.035185
1 0.310026 0.068519 0.067708 0.037037
6 0.368880 0.069444 0.029167 0.017593
6 0.408464 0.069444 0.029167 0.017593
4 0.508724 0.069444 0.150521 0.035185
8 0.500000 0.500000 1.000000 1.000000
0 0.524166 0.533333 0.040845 0.030556
0 0.567187 0.533333 0.032292 0.030556