0 0.047546 0.068519 0.034676 0.035185
4 0.143530 0.068056 0.136458 0.035185
0 0.239559 0.068519 0.034766 0.037037
3 0.288192 0.065741 0.041667 0.017593
2 0.271525 0.065741 0.008333 0.014815
7 0.294442 0.065741 0.029167 0.017593
3 0.340275 0.065741 0.041667 0.017593
2 0.323608 0.065741 0.008333 0.014815
7 0.346525 0.065741 0.029167 0.017593
6 0.404228 0.067130 0.065405 0.019444
3 0.468180 0.065741 0.041667 0.017593
2 0.451514 0.065741 0.008333 0.014815
7 0.474430 0.065741 0.029167 0.017593