3 0.071742 0.092448 0.058565 0.024740
2 0.048316 0.092448 0.011713 0.020833
7 0.080527 0.092448 0.040996 0.024740
4 0.220351 0.095703 0.209370 0.049479
7 0.347084 0.089844 0.014813 0.031250
3 0.394754 0.092448 0.051245 0.024740
2 0.374989 0.092448 0.011713 0.020833
7 0.403539 0.092448 0.033675 0.024740
4 0.495413 0.095703 0.120791 0.049479
6 0.590948 0.095703 0.040996 0.024740
0 0.655701 0.096354 0.059229 0.052083
4 0.773529 0.095703 0.147145 0.049479
0 0.879312 0.096354 0.035139 0.031250
4 0.116032 0.162760 0.147145 0.049479