3 0.332031 0.079861 0.054688 0.026389
2 0.310937 0.079861 0.012500 0.022222
7 0.341406 0.079861 0.035937 0.026389
5 0.425000 0.198611 0.240625 0.159722
4 0.394141 0.332639 0.178906 0.052778
4 0.381641 0.407639 0.153906 0.052778
1 0.398047 0.500694 0.186719 0.033333
1 0.378906 0.584028 0.148438 0.033333
4 0.410156 0.649306 0.210938 0.052778
3 0.332031 0.711111 0.054688 0.026389
2 0.310937 0.711111 0.012500 0.022222
7 0.341406 0.711111 0.035937 0.026389
0 0.328125 0.772222 0.046875 0.044444