1 0.441667 0.103333 0.230556 0.044444
4 0.404167 0.164444 0.155556 0.042222
3 0.354167 0.213889 0.055556 0.021111
2 0.331944 0.213889 0.011111 0.017778
7 0.362500 0.213889 0.038889 0.021111
3 0.354167 0.255556 0.055556 0.021111
2 0.331944 0.255556 0.011111 0.017778
7 0.362500 0.255556 0.038889 0.021111
3 0.350694 0.297222 0.048611 0.021111
2 0.331944 0.297222 0.011111 0.017778
7 0.359028 0.297222 0.031944 0.021111
3 0.354167 0.338889 0.055556 0.021111
2 0.331944 0.338889 0.011111 0.017778
7 0.362500 0.338889 0.038889 0.021111
5 0.396875 0.407222 0.140972 0.074444
1 0.428472 0.516667 0.204167 0.044444
0 0.347222 0.570000 0.041667 0.026667