1 0.423865 0.104167 0.213763 0.031250
1 0.363104 0.166667 0.092240 0.052083
1 0.431552 0.272135 0.229136 0.052083
3 0.342606 0.331380 0.051245 0.024740
2 0.322840 0.331380 0.011713 0.020833
7 0.351391 0.331380 0.033675 0.024740
3 0.346266 0.380208 0.058565 0.024740
2 0.322840 0.380208 0.011713 0.020833
7 0.355051 0.380208 0.040996 0.024740
1 0.381040 0.442708 0.128111 0.052083
4 0.413616 0.514323 0.193265 0.049479
1 0.386164 0.575521 0.138360 0.031250
0 0.344127 0.632812 0.054287 0.041667