3 0.346266 0.074870 0.058565 0.024740
2 0.322840 0.074870 0.011713 0.020833
7 0.355051 0.074870 0.040996 0.024740
5 0.392020 0.187500 0.150073 0.152344
5 0.408858 0.339193 0.183748 0.098958
1 0.437775 0.472005 0.241581 0.049479
1 0.394583 0.559245 0.155198 0.031250
4 0.381772 0.620443 0.129575 0.049479
1 0.401537 0.723307 0.169107 0.049479
0 0.345895 0.789714 0.057822 0.041667
8 0.500000 0.500000 1.000000 1.000000
0 0.539978 0.546875 0.045388 0.042969
0 0.594436 0.546875 0.045388 0.042969