6 0.037809 0.048333 0.020063 0.021111
6 0.048644 0.090000 0.041732 0.017778
6 0.050000 0.129444 0.044444 0.023333
6 0.047222 0.171667 0.038889 0.021111
6 0.047222 0.212778 0.038889 0.021111
1 0.265972 0.177465 0.176389 0.042222
3 0.396105 0.139132 0.055556 0.021111
2 0.373882 0.139132 0.011111 0.017778
7 0.404438 0.139132 0.038889 0.021111
3 0.462348 0.139132 0.048611 0.021111
2 0.443598 0.139132 0.011111 0.017778
7 0.470681 0.139132 0.031944 0.021111
4 0.604286 0.149688 0.206944 0.042222
1 0.772613 0.141910 0.101389 0.026667
1 0.896148 0.164132 0.117361 0.026667
1 0.244792 0.237465 0.134028 0.042222