6 0.029431 0.039352 0.017196 0.019444
6 0.028357 0.074537 0.015047 0.017593
6 0.033333 0.109259 0.025000 0.014815
6 0.037500 0.142130 0.033333 0.019444
6 0.033333 0.177778 0.025000 0.014815
1 0.185156 0.136777 0.103646 0.022222
7 0.259041 0.121962 0.022884 0.029630
3 0.301937 0.115943 0.041667 0.017593
2 0.285270 0.115943 0.008333 0.014815
7 0.308187 0.115943 0.029167 0.017593
1 0.396151 0.147888 0.125521 0.035185
7 0.475252 0.117332 0.011442 0.014815
7 0.497314 0.117332 0.011442 0.014815
4 0.582145 0.124740 0.136979 0.035185
8 0.500000 0.500000 1.000000 1.000000
0 0.512748 0.533333 0.036678 0.030556
0 0.560437 0.533333 0.045793 0.030556