3 0.082737 0.107222 0.084918 0.021111
2 0.045833 0.107222 0.011111 0.017778
7 0.091070 0.107222 0.068251 0.021111
0 0.160254 0.110556 0.042339 0.035556
4 0.278299 0.110000 0.165972 0.042222
0 0.398985 0.110556 0.047624 0.044444
1 0.517589 0.108889 0.161806 0.042222
0 0.633214 0.110556 0.041667 0.026667
7 0.683192 0.101667 0.030512 0.035556
7 0.721875 0.107222 0.019076 0.022222
3 0.769607 0.107222 0.048611 0.021111
2 0.750857 0.107222 0.011111 0.017778
7 0.777941 0.107222 0.031944 0.021111
1 0.883149 0.110556 0.150694 0.026667
8 0.500000 0.500000 1.000000 1.000000
0 0.537923 0.540000 0.043056 0.036667
0 0.589583 0.540000 0.043056 0.036667