0 0.069146 0.130859 0.053372 0.041667
3 0.139756 0.126953 0.058565 0.024740
2 0.116330 0.126953 0.011713 0.020833
7 0.148540 0.126953 0.040996 0.024740
6 0.204177 0.130208 0.040996 0.024740
7 0.251378 0.124349 0.024124 0.031250
3 0.307364 0.126953 0.058565 0.024740
2 0.283938 0.126953 0.011713 0.020833
7 0.316149 0.126953 0.040996 0.024740
6 0.371786 0.130208 0.040996 0.024740
1 0.462196 0.128906 0.110542 0.052083
7 0.537799 0.129557 0.011381 0.020833
1 0.613401 0.128906 0.110542 0.049479
0 0.705275 0.130859 0.043924 0.031250