3 0.048438 0.090278 0.036458 0.017593
2 0.034375 0.090278 0.008333 0.014815
7 0.054688 0.090278 0.023958 0.017593
4 0.124479 0.092593 0.094792 0.035185
1 0.245312 0.093056 0.126042 0.022222
7 0.330192 0.085648 0.022884 0.029630
1 0.407780 0.091667 0.111458 0.037037
7 0.482507 0.088426 0.017163 0.022222
0 0.517440 0.093056 0.031868 0.020370
1 0.619051 0.091667 0.150521 0.035185
8 0.500000 0.500000 1.000000 1.000000
0 0.512748 0.533333 0.036678 0.030556
0 0.560437 0.533333 0.045793 0.030556