6 0.049780 0.056641 0.040996 0.024740
6 0.058611 0.103516 0.058657 0.027344
6 0.049780 0.152995 0.040996 0.024740
6 0.046852 0.201823 0.035139 0.020833
6 0.046852 0.250000 0.035139 0.020833
3 0.216691 0.163045 0.058565 0.024740
2 0.193265 0.163045 0.011713 0.020833
7 0.225476 0.163045 0.040996 0.024740
3 0.290183 0.163045 0.058565 0.024740
2 0.266757 0.163045 0.011713 0.020833
7 0.298968 0.163045 0.040996 0.024740
0 0.364008 0.176717 0.059229 0.052083
1 0.493469 0.209269 0.169839 0.052083
4 0.687752 0.175415 0.188873 0.049479