6 0.048877 0.110556 0.017198 0.017778
0 0.091504 0.110556 0.040278 0.033333
3 0.149837 0.107222 0.048611 0.021111
2 0.131087 0.107222 0.011111 0.017778
7 0.158171 0.107222 0.031944 0.021111
0 0.210069 0.110556 0.044076 0.044444
1 0.287663 0.108889 0.083333 0.042222
6 0.386822 0.108889 0.087207 0.023333
6 0.466536 0.108889 0.044444 0.023333
7 0.517904 0.101667 0.030512 0.035556
6 0.563715 0.110556 0.033333 0.017778
1 0.694618 0.110556 0.200694 0.026667
8 0.500000 0.096389 0.966667 0.139444