5 0.448611 0.115000 0.244444 0.123333
5 0.461111 0.246667 0.269444 0.095556
3 0.350694 0.327222 0.048611 0.021111
2 0.331944 0.327222 0.011111 0.017778
7 0.359028 0.327222 0.031944 0.021111
1 0.388542 0.408333 0.124306 0.044444
1 0.368403 0.497222 0.084028 0.042222
1 0.389583 0.586111 0.126389 0.044444
3 0.354167 0.636667 0.055556 0.021111
2 0.331944 0.636667 0.011111 0.017778
7 0.362500 0.636667 0.038889 0.021111
5 0.449653 0.702222 0.246528 0.068889
0 0.350000 0.781111 0.047222 0.044444