6 0.058611 0.055339 0.058657 0.027344
6 0.052709 0.103516 0.046852 0.027344
6 0.046852 0.153646 0.035139 0.020833
6 0.052709 0.199870 0.046852 0.027344
6 0.049780 0.249349 0.040996 0.024740
4 0.267936 0.175415 0.161054 0.049479
4 0.435864 0.175415 0.144949 0.049479
1 0.587688 0.176717 0.128843 0.052083
1 0.745001 0.166300 0.155930 0.031250
6 0.867222 0.164347 0.058657 0.027344
7 0.927560 0.171509 0.032165 0.041667
0 0.217423 0.249634 0.060029 0.052083
8 0.500000 0.356771 0.964861 0.651042