1 0.417187 0.085185 0.094792 0.035185
1 0.441927 0.158333 0.144271 0.035185
1 0.444271 0.231481 0.148958 0.035185
3 0.390625 0.272685 0.041667 0.017593
2 0.373958 0.272685 0.008333 0.014815
7 0.396875 0.272685 0.029167 0.017593
1 0.409635 0.328241 0.079687 0.022222
1 0.454948 0.365278 0.170313 0.022222
1 0.448437 0.431944 0.157292 0.035185
3 0.390625 0.473148 0.041667 0.017593
2 0.373958 0.473148 0.008333 0.014815
7 0.396875 0.473148 0.029167 0.017593
0 0.391187 0.517593 0.042790 0.037037
8 0.500000 0.500000 1.000000 1.000000
0 0.532454 0.533333 0.032292 0.030556
0 0.569194 0.533333 0.028280 0.030556