1 0.122266 0.136111 0.153906 0.052778
0 0.238281 0.138194 0.046875 0.033333
3 0.308594 0.134028 0.062500 0.026389
2 0.283594 0.134028 0.012500 0.022222
7 0.317969 0.134028 0.043750 0.026389
4 0.446875 0.137500 0.182812 0.052778
0 0.573706 0.138194 0.039600 0.044444
0 0.632568 0.138194 0.046875 0.033333
6 0.690381 0.138194 0.037500 0.022222
6 0.736041 0.137500 0.022571 0.026389
8 0.500000 0.500000 1.000000 1.000000
0 0.542664 0.550000 0.048438 0.045833
0 0.600781 0.550000 0.048438 0.045833