6 0.060482 0.048889 0.065408 0.017778
6 0.044444 0.090000 0.033333 0.017778
6 0.036377 0.131111 0.017198 0.017778
6 0.060482 0.172222 0.065408 0.017778
6 0.050000 0.211667 0.044444 0.023333
3 0.205556 0.139132 0.055556 0.021111
2 0.183333 0.139132 0.011111 0.017778
7 0.213889 0.139132 0.038889 0.021111
1 0.322493 0.149688 0.150000 0.042222
3 0.439431 0.139132 0.055556 0.021111
2 0.417209 0.139132 0.011111 0.017778
7 0.447765 0.139132 0.038889 0.021111
6 0.503592 0.140243 0.044444 0.023333
7 0.549512 0.139687 0.019076 0.022222