3 0.087219 0.126953 0.089518 0.024740
2 0.048316 0.126953 0.011713 0.020833
7 0.096003 0.126953 0.071948 0.024740
4 0.238859 0.130208 0.184480 0.049479
0 0.366970 0.130859 0.042460 0.039062
3 0.432124 0.126953 0.058565 0.024740
2 0.408698 0.126953 0.011713 0.020833
7 0.440909 0.126953 0.040996 0.024740
3 0.505330 0.126953 0.058565 0.024740
2 0.481904 0.126953 0.011713 0.020833
7 0.514115 0.126953 0.040996 0.024740
0 0.574144 0.130859 0.049780 0.052083
1 0.711773 0.128906 0.196193 0.052083
6 0.842080 0.130859 0.035139 0.020833