6 0.050000 0.047222 0.044444 0.023333
6 0.044444 0.090000 0.033333 0.017778
6 0.047222 0.130556 0.038889 0.021111
6 0.052121 0.171667 0.048687 0.021111
6 0.065929 0.212778 0.076302 0.021111
0 0.205203 0.146354 0.054850 0.035556
1 0.331163 0.141910 0.168750 0.026667
3 0.454004 0.139132 0.048611 0.021111
2 0.435254 0.139132 0.011111 0.017778
7 0.462337 0.139132 0.031944 0.021111
1 0.599414 0.149688 0.213889 0.042222
6 0.739963 0.141354 0.038889 0.021111
0 0.790234 0.141910 0.033333 0.026667
8 0.500000 0.304444 0.966667 0.555556