5 0.404466 0.126953 0.174963 0.128906
1 0.385432 0.233073 0.136896 0.031250
3 0.342606 0.281901 0.051245 0.024740
2 0.322840 0.281901 0.011713 0.020833
7 0.351391 0.281901 0.033675 0.024740
4 0.392387 0.343099 0.150805 0.049479
1 0.381772 0.447266 0.129575 0.052083
5 0.439971 0.557943 0.245974 0.127604
1 0.384334 0.689453 0.134700 0.031250
4 0.419839 0.750651 0.205710 0.049479
0 0.334553 0.811849 0.035139 0.031250
8 0.500000 0.500000 1.000000 1.000000
0 0.536895 0.546875 0.051553 0.042969
0 0.594436 0.546875 0.045388 0.042969