6 0.067187 0.138889 0.043750 0.026389
7 0.117188 0.128472 0.025000 0.044444
6 0.164062 0.139583 0.037500 0.022222
7 0.207019 0.138194 0.017163 0.022222
3 0.262476 0.135417 0.062500 0.026389
2 0.237476 0.135417 0.012500 0.022222
7 0.271851 0.135417 0.043750 0.026389
6 0.334351 0.137500 0.050000 0.029167
0 0.397632 0.139583 0.045312 0.041667
1 0.507007 0.137500 0.142187 0.055556
8 0.500000 0.500000 1.000000 1.000000
0 0.519122 0.550000 0.055017 0.045833
0 0.590656 0.550000 0.068689 0.045833