6 0.049780 0.056641 0.040996 0.024740
6 0.052709 0.103516 0.046852 0.027344
6 0.069500 0.152995 0.080436 0.024740
6 0.046852 0.201823 0.035139 0.020833
6 0.046852 0.250000 0.035139 0.020833
1 0.235725 0.175415 0.096633 0.049479
0 0.322097 0.166300 0.046257 0.031250
6 0.377722 0.166300 0.035139 0.020833
1 0.515636 0.192342 0.210835 0.031250
0 0.657211 0.170207 0.042460 0.039062
8 0.500000 0.500000 1.000000 1.000000
0 0.545617 0.546875 0.045388 0.042969
0 0.597256 0.546875 0.039749 0.042969