6 0.055599 0.047222 0.055642 0.023333
6 0.047222 0.089444 0.038889 0.021111
6 0.050000 0.129444 0.044444 0.023333
6 0.039242 0.170556 0.022928 0.023333
6 0.048644 0.213333 0.041732 0.017778
0 0.193750 0.141910 0.031944 0.024444
3 0.251660 0.139132 0.055556 0.021111
2 0.229438 0.139132 0.011111 0.017778
7 0.259993 0.139132 0.038889 0.021111
7 0.301698 0.141910 0.016200 0.026667
7 0.328640 0.140799 0.009364 0.017778
8 0.500000 0.500000 1.000000 1.000000
0 0.532221 0.540000 0.054460 0.036667
0 0.589583 0.540000 0.043056 0.036667