4 0.422222 0.074444 0.191667 0.042222
5 0.415625 0.162778 0.178472 0.098889
4 0.383333 0.255556 0.113889 0.042222
3 0.354167 0.305000 0.055556 0.021111
2 0.331944 0.305000 0.011111 0.017778
7 0.362500 0.305000 0.038889 0.021111
3 0.350694 0.346667 0.048611 0.021111
2 0.331944 0.346667 0.011111 0.017778
7 0.359028 0.346667 0.031944 0.021111
3 0.368848 0.388333 0.084918 0.021111
2 0.331944 0.388333 0.011111 0.017778
7 0.377181 0.388333 0.068251 0.021111
0 0.347266 0.432778 0.041753 0.026667