6 0.052709 0.055339 0.046852 0.027344
6 0.069500 0.104818 0.080436 0.024740
6 0.046852 0.153646 0.035139 0.020833
6 0.052709 0.199870 0.046852 0.027344
6 0.052709 0.248047 0.046852 0.027344
1 0.253294 0.209269 0.131772 0.052083
3 0.363390 0.163045 0.058565 0.024740
2 0.339964 0.163045 0.011713 0.020833
7 0.372175 0.163045 0.040996 0.024740
4 0.493617 0.175415 0.172035 0.049479
3 0.623845 0.163045 0.058565 0.024740
2 0.600419 0.163045 0.011713 0.020833
7 0.632629 0.163045 0.040996 0.024740