4 0.369531 0.093056 0.129688 0.052778
5 0.428125 0.201389 0.246875 0.119444
1 0.376172 0.350000 0.142969 0.052778
3 0.352454 0.411806 0.095532 0.026389
2 0.310937 0.411806 0.012500 0.022222
7 0.361829 0.411806 0.076782 0.026389
5 0.417969 0.502083 0.226562 0.102778
4 0.373828 0.607639 0.138281 0.052778
1 0.416406 0.700694 0.223438 0.033333
3 0.335938 0.752778 0.062500 0.026389
2 0.310937 0.752778 0.012500 0.022222
7 0.345313 0.752778 0.043750 0.026389
0 0.332642 0.813889 0.055908 0.044444