6 0.050000 0.047222 0.044444 0.023333
6 0.036377 0.090000 0.017198 0.017778
6 0.047222 0.130556 0.038889 0.021111
6 0.050000 0.170556 0.044444 0.023333
6 0.047222 0.212778 0.038889 0.021111
4 0.270486 0.149688 0.185417 0.042222
7 0.388797 0.141910 0.022884 0.026667
7 0.425510 0.146354 0.022222 0.035556
1 0.500434 0.177465 0.099306 0.042222
1 0.672233 0.178576 0.215972 0.044444
0 0.821436 0.149688 0.054112 0.042222
1 0.277431 0.254132 0.199306 0.026667
8 0.500000 0.500000 1.000000 1.000000
0 0.543273 0.540000 0.043056 0.036667
0 0.592258 0.540000 0.037706 0.036667