4 0.160156 0.101389 0.229687 0.052778
0 0.314063 0.102083 0.046875 0.044444
6 0.375000 0.101389 0.043750 0.026389
4 0.519531 0.101389 0.214062 0.052778
6 0.664062 0.101389 0.043750 0.026389
6 0.720313 0.102083 0.037500 0.022222
4 0.148438 0.170833 0.206250 0.052778
3 0.294531 0.167361 0.054688 0.026389
2 0.273438 0.167361 0.012500 0.022222
7 0.303906 0.167361 0.035937 0.026389
6 0.360974 0.171528 0.046948 0.022222
4 0.505542 0.170833 0.210938 0.052778
8 0.500000 0.500000 1.000000 1.000000
0 0.542267 0.550000 0.061267 0.045833
0 0.603790 0.550000 0.042419 0.045833