3 0.048438 0.089352 0.036458 0.017593
2 0.034375 0.089352 0.008333 0.014815
7 0.054688 0.089352 0.023958 0.017593
3 0.097917 0.089352 0.041667 0.017593
2 0.081250 0.089352 0.008333 0.014815
7 0.104167 0.089352 0.029167 0.017593
4 0.192708 0.091667 0.127083 0.035185
1 0.333073 0.090741 0.132812 0.035185
0 0.428687 0.092130 0.037581 0.027778
0 0.473519 0.092130 0.031250 0.029630
7 0.502474 0.091204 0.005827 0.014815
3 0.536637 0.089352 0.041667 0.017593
2 0.519971 0.089352 0.008333 0.014815
7 0.542887 0.089352 0.029167 0.017593
3 0.588721 0.089352 0.041667 0.017593
2 0.572054 0.089352 0.008333 0.014815
7 0.594971 0.089352 0.029167 0.017593
6 0.632471 0.092130 0.025000 0.014815
8 0.500000 0.500000 1.000000 1.000000
0 0.532454 0.533333 0.032292 0.030556
0 0.569194 0.533333 0.028280 0.030556