1 0.137153 0.095556 0.193750 0.026667
4 0.325694 0.095000 0.155556 0.042222
4 0.512500 0.095000 0.190278 0.042222
0 0.641927 0.095556 0.040799 0.035556
6 0.692882 0.095556 0.033333 0.017778
0 0.739388 0.095556 0.031901 0.024444
3 0.793533 0.092222 0.048611 0.021111
2 0.774783 0.092222 0.011111 0.017778
7 0.801866 0.092222 0.031944 0.021111
0 0.855339 0.095556 0.047222 0.044444
8 0.500000 0.500000 1.000000 1.000000
0 0.537923 0.540000 0.043056 0.036667
0 0.589583 0.540000 0.043056 0.036667