6 0.037500 0.039352 0.033333 0.019444
6 0.035417 0.074537 0.029167 0.017593
6 0.036483 0.109259 0.031299 0.014815
6 0.037500 0.142130 0.033333 0.019444
6 0.035417 0.177315 0.029167 0.017593
4 0.179688 0.124740 0.092708 0.035185
6 0.252881 0.117795 0.032438 0.017593
0 0.297579 0.125666 0.035718 0.037037
0 0.339258 0.121962 0.026400 0.029630
6 0.379744 0.116869 0.033333 0.019444
4 0.484635 0.124740 0.155208 0.035185
8 0.500000 0.500000 1.000000 1.000000
0 0.528442 0.533333 0.032292 0.030556
0 0.567187 0.533333 0.032292 0.030556