7 0.047906 0.080556 0.015256 0.017778
6 0.088867 0.081111 0.038889 0.021111
3 0.149978 0.078333 0.055556 0.021111
2 0.127756 0.078333 0.011111 0.017778
7 0.158312 0.078333 0.038889 0.021111
4 0.257617 0.081111 0.131944 0.042222
7 0.348920 0.076111 0.022884 0.026667
0 0.399875 0.081667 0.051248 0.033333
3 0.463694 0.078333 0.048611 0.021111
2 0.444944 0.078333 0.011111 0.017778
7 0.472027 0.078333 0.031944 0.021111
4 0.559180 0.081111 0.114583 0.042222
8 0.500000 0.500000 1.000000 1.000000
0 0.537923 0.540000 0.043056 0.036667
0 0.589583 0.540000 0.043056 0.036667