1 0.362500 0.111111 0.115625 0.033333
4 0.387891 0.176389 0.166406 0.052778
5 0.391406 0.306944 0.173437 0.163889
3 0.332031 0.429861 0.054688 0.026389
2 0.310937 0.429861 0.012500 0.022222
7 0.341406 0.429861 0.035937 0.026389
4 0.369531 0.495139 0.129688 0.052778
4 0.415234 0.570139 0.221094 0.052778
1 0.398047 0.679861 0.186719 0.052778
3 0.335938 0.741667 0.062500 0.026389
2 0.310937 0.741667 0.012500 0.022222
7 0.345313 0.741667 0.043750 0.026389
0 0.321918 0.797222 0.034460 0.033333