7 0.052514 0.126953 0.020109 0.026042
0 0.099172 0.130859 0.043924 0.041667
0 0.153345 0.130859 0.035139 0.031250
0 0.212327 0.130859 0.053544 0.041667
1 0.376727 0.128906 0.245974 0.052083
3 0.543638 0.126953 0.058565 0.024740
2 0.520212 0.126953 0.011713 0.020833
7 0.552423 0.126953 0.040996 0.024740
1 0.712379 0.128906 0.249634 0.049479
3 0.881120 0.126953 0.058565 0.024740
2 0.857694 0.126953 0.011713 0.020833
7 0.889904 0.126953 0.040996 0.024740
6 0.088425 0.184896 0.091931 0.027344
3 0.178315 0.182943 0.058565 0.024740
2 0.154889 0.182943 0.011713 0.020833
7 0.187100 0.182943 0.040996 0.024740