6 0.064621 0.081111 0.048687 0.021111
3 0.145313 0.078333 0.084918 0.021111
2 0.108409 0.078333 0.011111 0.017778
7 0.153646 0.078333 0.068251 0.021111
3 0.229438 0.078333 0.055556 0.021111
2 0.207216 0.078333 0.011111 0.017778
7 0.237771 0.078333 0.038889 0.021111
3 0.298882 0.078333 0.055556 0.021111
2 0.276660 0.078333 0.011111 0.017778
7 0.307216 0.078333 0.038889 0.021111
6 0.357216 0.081667 0.033333 0.017778
7 0.399213 0.076111 0.022884 0.026667
4 0.491905 0.081111 0.134722 0.042222