5 0.418403 0.116111 0.184028 0.125556
3 0.354167 0.211667 0.055556 0.021111
2 0.331944 0.211667 0.011111 0.017778
7 0.362500 0.211667 0.038889 0.021111
1 0.381597 0.278333 0.110417 0.026667
5 0.425694 0.351111 0.198611 0.083333
3 0.354167 0.425556 0.055556 0.021111
2 0.331944 0.425556 0.011111 0.017778
7 0.362500 0.425556 0.038889 0.021111
1 0.402431 0.492222 0.152083 0.026667
3 0.354167 0.533889 0.055556 0.021111
2 0.331944 0.533889 0.011111 0.017778
7 0.362500 0.533889 0.038889 0.021111
0 0.350000 0.587222 0.047222 0.044444