6 0.052709 0.055339 0.046852 0.027344
6 0.052080 0.104818 0.045594 0.024740
6 0.056712 0.151693 0.054859 0.027344
6 0.049780 0.201172 0.040996 0.024740
6 0.052709 0.248047 0.046852 0.027344
3 0.232167 0.163045 0.089518 0.024740
2 0.193265 0.163045 0.011713 0.020833
7 0.240952 0.163045 0.071948 0.024740
0 0.315383 0.166300 0.047058 0.031250
1 0.460720 0.175415 0.213763 0.049479
7 0.594591 0.166300 0.024124 0.031250
1 0.706865 0.209269 0.170571 0.052083
1 0.281845 0.271769 0.188873 0.031250