3 0.048438 0.065278 0.036458 0.017593
2 0.034375 0.065278 0.008333 0.014815
7 0.054688 0.065278 0.023958 0.017593
7 0.083333 0.063426 0.012500 0.022222
4 0.151562 0.067593 0.103125 0.035185
4 0.278125 0.067593 0.129167 0.035185
3 0.371354 0.065278 0.036458 0.017593
2 0.357292 0.065278 0.008333 0.014815
7 0.377604 0.065278 0.023958 0.017593
6 0.412500 0.068056 0.025000 0.014815
3 0.456250 0.065278 0.041667 0.017593
2 0.439583 0.065278 0.008333 0.014815
7 0.462500 0.065278 0.029167 0.017593