1 0.405564 0.088542 0.177160 0.052083
4 0.396413 0.160156 0.158858 0.049479
3 0.346266 0.218099 0.058565 0.024740
2 0.322840 0.218099 0.011713 0.020833
7 0.355051 0.218099 0.040996 0.024740
1 0.416545 0.311849 0.199122 0.049479
3 0.342606 0.369792 0.051245 0.024740
2 0.322840 0.369792 0.011713 0.020833
7 0.351391 0.369792 0.033675 0.024740
1 0.441069 0.430990 0.248170 0.049479
3 0.346266 0.488932 0.058565 0.024740
2 0.322840 0.488932 0.011713 0.020833
7 0.355051 0.488932 0.040996 0.024740
0 0.345163 0.544922 0.056358 0.039062