0 0.064639 0.096354 0.044359 0.041667
0 0.119029 0.096354 0.035139 0.031250
3 0.180523 0.092448 0.058565 0.024740
2 0.157096 0.092448 0.011713 0.020833
7 0.189307 0.092448 0.040996 0.024740
3 0.269205 0.092448 0.089518 0.024740
2 0.230303 0.092448 0.011713 0.020833
7 0.277990 0.092448 0.071948 0.024740
0 0.352764 0.096354 0.048316 0.049479
0 0.416453 0.096354 0.049780 0.052083
0 0.487824 0.096354 0.063678 0.052083
0 0.559194 0.096354 0.049780 0.052083
3 0.628008 0.092448 0.058565 0.024740
2 0.604582 0.092448 0.011713 0.020833
7 0.636793 0.092448 0.040996 0.024740
8 0.500000 0.500000 1.000000 1.000000
0 0.521001 0.546875 0.045388 0.042969
0 0.584948 0.546875 0.064364 0.042969