3 0.352454 0.079861 0.095532 0.026389
2 0.310937 0.079861 0.012500 0.022222
7 0.361829 0.079861 0.076782 0.026389
4 0.408203 0.145139 0.207031 0.052778
3 0.332031 0.206944 0.054688 0.026389
2 0.310937 0.206944 0.012500 0.022222
7 0.341406 0.206944 0.035937 0.026389
1 0.358203 0.308333 0.107031 0.055556
5 0.459375 0.423611 0.309375 0.130556
0 0.327289 0.533333 0.045203 0.030556
8 0.500000 0.500000 1.000000 1.000000
0 0.548682 0.550000 0.048438 0.045833
0 0.603790 0.550000 0.042419 0.045833