3 0.068056 0.108333 0.055556 0.021111
2 0.045833 0.108333 0.011111 0.017778
7 0.076389 0.108333 0.038889 0.021111
7 0.121164 0.106111 0.022884 0.026667
4 0.227398 0.111111 0.161806 0.042222
1 0.371495 0.111667 0.098611 0.026667
4 0.513509 0.111111 0.157639 0.042222
3 0.630523 0.108333 0.048611 0.021111
2 0.611773 0.108333 0.011111 0.017778
7 0.638856 0.108333 0.031944 0.021111
0 0.692665 0.111667 0.047895 0.044444
1 0.820085 0.110000 0.179167 0.044444
4 0.126042 0.168333 0.171528 0.042222
0 0.242361 0.168889 0.033333 0.026667