1 0.091406 0.093056 0.122396 0.022222
4 0.217448 0.092593 0.108854 0.035185
0 0.299479 0.093056 0.034375 0.035185
7 0.335181 0.085648 0.016195 0.029630
1 0.408643 0.091667 0.109896 0.037037
0 0.491195 0.093056 0.034375 0.035185
4 0.579215 0.092593 0.120833 0.035185
6 0.664632 0.092593 0.029167 0.017593
4 0.755778 0.092593 0.132292 0.035185
4 0.891195 0.092593 0.117708 0.035185
8 0.500000 0.500000 1.000000 1.000000
0 0.510665 0.533333 0.040845 0.030556
0 0.560437 0.533333 0.045793 0.030556