7 0.050580 0.101389 0.010535 0.022222
3 0.119238 0.098611 0.095532 0.026389
2 0.077722 0.098611 0.012500 0.022222
7 0.128613 0.098611 0.076782 0.026389
0 0.200598 0.102778 0.035937 0.030556
0 0.266284 0.102778 0.064185 0.055556
0 0.346033 0.102778 0.064062 0.055556
0 0.416345 0.102778 0.045312 0.041667
3 0.485876 0.098611 0.062500 0.026389
2 0.460876 0.098611 0.012500 0.022222
7 0.495251 0.098611 0.043750 0.026389
0 0.555408 0.102778 0.045312 0.030556
0 0.612439 0.102778 0.037500 0.033333
8 0.500000 0.102778 0.962500 0.138889