0 0.073836 0.098307 0.062752 0.052083
1 0.196719 0.096354 0.153734 0.052083
3 0.317510 0.094401 0.058565 0.024740
2 0.294084 0.094401 0.011713 0.020833
7 0.326295 0.094401 0.040996 0.024740
7 0.368549 0.094401 0.014230 0.026042
7 0.402367 0.091797 0.024124 0.031250
4 0.501910 0.097656 0.145681 0.049479
1 0.694443 0.098307 0.210102 0.031250
3 0.839758 0.094401 0.051245 0.024740
2 0.819992 0.094401 0.011713 0.020833
7 0.848543 0.094401 0.033675 0.024740
6 0.900519 0.097656 0.040996 0.024740
1 0.118960 0.198568 0.153001 0.052083