6 0.053125 0.060417 0.043750 0.026389
6 0.056250 0.110417 0.050000 0.029167
6 0.056250 0.161806 0.050000 0.029167
6 0.056250 0.213194 0.050000 0.029167
6 0.052106 0.266667 0.041711 0.022222
0 0.223486 0.177387 0.046973 0.033333
1 0.324622 0.223220 0.123438 0.055556
6 0.426599 0.176693 0.048657 0.026389
4 0.536389 0.187109 0.139063 0.052778
0 0.647632 0.187109 0.051562 0.052778
8 0.500000 0.500000 1.000000 1.000000
0 0.539374 0.550000 0.055017 0.045833
0 0.600781 0.550000 0.048438 0.045833