0 0.064062 0.102778 0.037500 0.033333
3 0.129688 0.098611 0.062500 0.026389
2 0.104688 0.098611 0.012500 0.022222
7 0.139063 0.098611 0.043750 0.026389
3 0.207813 0.098611 0.062500 0.026389
2 0.182812 0.098611 0.012500 0.022222
7 0.217188 0.098611 0.043750 0.026389
0 0.273438 0.102778 0.037500 0.033333
0 0.326538 0.102778 0.037451 0.033333
0 0.379639 0.102778 0.037500 0.033333
4 0.499951 0.102083 0.171875 0.052778
4 0.667920 0.102083 0.132812 0.052778
7 0.758533 0.101389 0.017163 0.022222
0 0.813959 0.102778 0.062439 0.055556