0 0.068719 0.139583 0.046814 0.044444
4 0.174158 0.138889 0.132812 0.052778
6 0.267474 0.138889 0.022571 0.026389
0 0.328363 0.139583 0.067957 0.055556
0 0.396912 0.139583 0.037891 0.033333
3 0.458826 0.135417 0.054688 0.026389
2 0.437732 0.135417 0.012500 0.022222
7 0.468201 0.135417 0.035937 0.026389
0 0.523938 0.139583 0.044287 0.052778
1 0.646472 0.137500 0.169531 0.055556
3 0.778113 0.135417 0.062500 0.026389
2 0.753113 0.135417 0.012500 0.022222
7 0.787488 0.135417 0.043750 0.026389
6 0.846863 0.138889 0.043750 0.026389