6 0.064062 0.102778 0.037500 0.022222
3 0.129688 0.098611 0.062500 0.026389
2 0.104688 0.098611 0.012500 0.022222
7 0.139063 0.098611 0.043750 0.026389
4 0.240234 0.102083 0.127344 0.052778
0 0.346094 0.102778 0.053125 0.055556
3 0.436047 0.098611 0.095532 0.026389
2 0.394531 0.098611 0.012500 0.022222
7 0.445422 0.098611 0.076782 0.026389
6 0.521393 0.102778 0.043909 0.022222
4 0.640222 0.102083 0.162500 0.052778
4 0.817566 0.102083 0.160938 0.052778
6 0.067267 0.168056 0.043909 0.022222
0 0.132971 0.168056 0.056250 0.041667