5 0.397569 0.093333 0.142361 0.080000
3 0.354167 0.166111 0.055556 0.021111
2 0.331944 0.166111 0.011111 0.017778
7 0.362500 0.166111 0.038889 0.021111
1 0.414583 0.247222 0.176389 0.044444
3 0.354167 0.297778 0.055556 0.021111
2 0.331944 0.297778 0.011111 0.017778
7 0.362500 0.297778 0.038889 0.021111
3 0.368848 0.339444 0.084918 0.021111
2 0.331944 0.339444 0.011111 0.017778
7 0.377181 0.339444 0.068251 0.021111
1 0.418750 0.419444 0.184722 0.042222
1 0.406944 0.480556 0.161111 0.044444
1 0.443403 0.556111 0.234028 0.026667
0 0.341987 0.600556 0.031196 0.024444