7 0.048378 0.090000 0.016200 0.026667
3 0.112826 0.092222 0.084918 0.021111
2 0.075922 0.092222 0.011111 0.017778
7 0.121159 0.092222 0.068251 0.021111
1 0.269868 0.095556 0.201389 0.026667
4 0.463270 0.095000 0.157639 0.042222
3 0.580284 0.092222 0.048611 0.021111
2 0.561534 0.092222 0.011111 0.017778
7 0.588618 0.092222 0.031944 0.021111
4 0.717090 0.095000 0.197222 0.042222
8 0.500000 0.500000 1.000000 1.000000
0 0.540348 0.540000 0.048904 0.036667
0 0.592258 0.540000 0.037706 0.036667