3 0.076563 0.134028 0.062500 0.026389
2 0.051562 0.134028 0.012500 0.022222
7 0.085938 0.134028 0.043750 0.026389
3 0.154688 0.134028 0.062500 0.026389
2 0.129688 0.134028 0.012500 0.022222
7 0.164062 0.134028 0.043750 0.026389
3 0.232813 0.134028 0.062500 0.026389
2 0.207813 0.134028 0.012500 0.022222
7 0.242188 0.134028 0.043750 0.026389
6 0.300543 0.138194 0.041711 0.022222
0 0.360461 0.138194 0.046875 0.044444
1 0.492493 0.136111 0.185938 0.052778
7 0.611816 0.134028 0.021460 0.027778