6 0.053536 0.039352 0.065405 0.019444
6 0.034737 0.075000 0.027808 0.014815
6 0.035417 0.108796 0.029167 0.017593
6 0.033333 0.143519 0.025000 0.014815
6 0.034737 0.177778 0.027808 0.014815
3 0.154167 0.115943 0.041667 0.017593
2 0.137500 0.115943 0.008333 0.014815
7 0.160417 0.115943 0.029167 0.017593
4 0.241870 0.124740 0.112500 0.035185
4 0.352230 0.124740 0.086979 0.035185
1 0.495402 0.148814 0.178125 0.037037
0 0.613794 0.121036 0.037419 0.027778
0 0.659342 0.118258 0.032438 0.020370
3 0.707015 0.115943 0.041667 0.017593
2 0.690348 0.115943 0.008333 0.014815
7 0.713265 0.115943 0.029167 0.017593