1 0.132504 0.128906 0.180088 0.052083
6 0.254758 0.130859 0.035139 0.020833
6 0.304539 0.130859 0.035139 0.020833
3 0.366032 0.126953 0.058565 0.024740
2 0.342606 0.126953 0.011713 0.020833
7 0.374817 0.126953 0.040996 0.024740
7 0.417997 0.129557 0.016083 0.020833
7 0.445799 0.126953 0.010237 0.026042
3 0.491181 0.126953 0.051245 0.024740
2 0.471415 0.126953 0.011713 0.020833
7 0.499966 0.126953 0.033675 0.024740
3 0.557067 0.126953 0.051245 0.024740
2 0.537301 0.126953 0.011713 0.020833
7 0.565851 0.126953 0.033675 0.024740